10  15575
10.02  15660
10.04  15330
10.06  15422.5
10.08  15140
10.1  15120
10.12  15145
10.14  15535
10.16  15597.5
10.18  15272.5
10.2  15517.5
10.22  15280
10.24  15220
10.26  15172.5
10.28  15120
10.3  15535
10.32  15197.5
10.34  14982.5
10.36  15292.5
10.38  15425
10.4  15185
10.42  15292.5
10.44  15265
10.46  15182.5
10.48  15055
10.5  15147.5
10.52  15095
10.54  15120
10.56  14995
10.58  14820
10.6  14912.5
10.62  15367.5
10.64  15427.5
10.66  15350
10.68  15177.5
10.7  14895
10.72  15120
10.74  15235
10.76  14900
10.78  14970
10.8  15120
10.82  15180
10.84  14945
10.86  14937.5
10.88  14800
10.9  15042.5
10.92  15112.5
10.94  15287.5
10.96  14997.5
10.98  14682.5
11  14890
11.02  15002.5
11.04  15135
11.06  15202.5
11.08  14925
11.1  14810
11.12  14670
11.14  14660
11.16  14710
11.18  14682.5
11.2  14637.5
11.22  14420
11.24  14342.5
11.26  14455
11.28  14832.5
11.3  14710
11.32  14830
11.34  14625
11.36  14505
11.38  14792.5
11.4  14790
11.42  14567.5
11.44  14555
11.46  14370
11.48  14265
11.5  14370
11.52  14487.5
11.54  14487.5
11.56  14432.5
11.58  14417.5
11.6  14597.5
11.62  14400
11.64  14250
11.66  14435
11.68  14382.5
11.7  14365
11.72  14435
11.74  14347.5
11.76  14260
11.78  14145
11.8  14147.5
11.82  14200
11.84  14172.5
11.86  14030
11.88  14077.5
11.9  14410
11.92  14390
11.94  14245
11.96  14300
11.98  14482.5
12  14540
12.02  14405
12.04  14345
12.06  14470
12.08  14355
12.1  14200
12.12  14212.5
12.14  14027.5
12.16  13920
12.18  14027.5
12.2  13957.5
12.22  13975
12.24  13967.5
12.26  14250
12.28  14032.5
12.3  13930
12.32  14010
12.34  13805
12.36  13987.5
12.38  13967.5
12.4  13805
12.42  14020
12.44  13997.5
12.46  14057.5
12.48  14017.5
12.5  13917.5
12.52  13957.5
12.54  13647.5
12.56  13787.5
12.58  14032.5
12.6  13972.5
12.62  13837.5
12.64  13785
12.66  13917.5
12.68  14037.5
12.7  13892.5
12.72  13875
12.74  13770
12.76  13825
12.78  14035
12.8  13680
12.82  13682.5
12.84  14055
12.86  13965
12.88  13747.5
12.9  13705
12.92  13720
12.94  13640
12.96  13435
12.98  13390
13  13672.5
13.02  13675
13.04  13650
13.06  13852.5
13.08  13842.5
13.1  13667.5
13.12  13835
13.14  13807.5
13.16  13647.5
13.18  13722.5
13.2  13572.5
13.22  13522.5
13.24  13580
13.26  13405
13.28  13552.5
13.3  13580
13.32  13470
13.34  13457.5
13.36  13332.5
13.38  13490
13.4  13512.5
13.42  13547.5
13.44  13587.5
13.46  13570
13.48  13557.5
13.5  13390
13.52  13320
13.54  13560
13.56  13482.5
13.58  13152.5
13.6  13260
13.62  13337.5
13.64  13287.5
13.66  13107.5
13.68  13152.5
13.7  13287.5
13.72  13120
13.74  13135
13.76  13362.5
13.78  13430
13.8  13265
13.82  13222.5
13.84  13272.5
13.86  13377.5
13.88  13295
13.9  12975
13.92  12865
13.94  13065
13.96  13175
13.98  13242.5
14  13300
14.02  13252.5
14.04  13142.5
14.06  13107.5
14.08  12957.5
14.1  12877.5
14.12  13115
14.14  13140
14.16  13070
14.18  13027.5
14.2  12992.5
14.22  13015
14.24  13025
14.26  13167.5
14.28  13297.5
14.3  13132.5
14.32  12942.5
14.34  12872.5
14.36  12760
14.38  12847.5
14.4  12992.5
14.42  12925
14.44  12842.5
14.46  12757.5
14.48  12717.5
14.5  12715
14.52  12662.5
14.54  12867.5
14.56  13100
14.58  12947.5
14.6  12727.5
14.62  12822.5
14.64  12985
14.66  12787.5
14.68  12602.5
14.7  12760
14.72  12920
14.74  12867.5
14.76  12937.5
14.78  12920
14.8  12712.5
14.82  12767.5
14.84  12742.5
14.86  12610
14.88  12590
14.9  12542.5
14.92  12612.5
14.94  12812.5
14.96  12817.5
14.98  12625
15  12495
15.02  12465
15.04  12457.5
15.06  12605
15.08  12532.5
15.1  12415
15.12  12550
15.14  12562.5
15.16  12585
15.18  12362.5
15.2  12405
15.22  12622.5
15.24  12522.5
15.26  12335
15.28  12275
15.3  12287.5
15.32  12265
15.34  12387.5
15.36  12462.5
15.38  12525
15.4  12405
15.42  12325
15.44  12207.5
15.46  12125
15.48  12417.5
15.5  12257.5
15.52  12155
15.54  12332.5
15.56  12452.5
15.58  12272.5
15.6  12087.5
15.62  12210
15.64  12265
15.66  12317.5
15.68  12247.5
15.7  12282.5
15.72  12310
15.74  12095
15.76  12182.5
15.78  12135
15.8  12102.5
15.82  12060
15.84  12072.5
15.86  12227.5
15.88  12092.5
15.9  12002.5
15.92  12047.5
15.94  11950
15.96  12092.5
15.98  12070
16  11887.5
16.02  11835
16.04  11895
16.06  11990
16.08  12087.5
16.1  12135
16.12  12085
16.14  11950
16.16  12095
16.18  11990
16.2  11910
16.22  12005
16.24  12027.5
16.26  11855
16.28  11972.5
16.3  11965
16.32  11740
16.34  11995
16.36  12140
16.38  11940
16.4  11722.5
16.42  11565
16.44  11697.5
16.46  11760
16.48  11845
16.5  11725
16.52  11565
16.54  11640
16.56  11742.5
16.58  11812.5
16.6  11590
16.62  11642.5
16.64  11697.5
16.66  11720
16.68  11845
16.7  11695
16.72  11647.5
16.74  11760
16.76  11867.5
16.78  11742.5
16.8  11602.5
16.82  11675
16.84  11665
16.86  11502.5
16.88  11620
16.9  11757.5
16.92  11542.5
16.94  11425
16.96  11575
16.98  11557.5
17  11322.5
17.02  11202.5
17.04  11200
17.06  11477.5
17.08  11490
17.1  11430
17.12  11365
17.14  11240
17.16  11337.5
17.18  11427.5
17.2  11347.5
17.22  11312.5
17.24  11237.5
17.26  11287.5
17.28  11565
17.3  11407.5
17.32  11335
17.34  11415
17.36  11220
17.38  11095
17.4  11120
17.42  11177.5
17.44  11097.5
17.46  11032.5
17.48  11115
17.5  11105
17.52  11012.5
17.54  11167.5
17.56  11180
17.58  10897.5
17.6  11080
17.62  11122.5
17.64  11172.5
17.66  11287.5
17.68  11247.5
17.7  11045
17.72  11012.5
17.74  11157.5
17.76  11077.5
17.78  10877.5
17.8  10972.5
17.82  11157.5
17.84  10997.5
17.86  10925
17.88  11020
17.9  11055
17.92  11137.5
17.94  10932.5
17.96  10972.5
17.98  11035
18  10885
18.02  11250
18.04  10992.5
18.06  10872.5
18.08  10935
18.1  11017.5
18.12  11057.5
18.14  10947.5
18.16  10935
18.18  10987.5
18.2  11220
18.22  11027.5
18.24  10782.5
18.26  10832.5
18.28  10942.5
18.3  10842.5
18.32  10770
18.34  10917.5
18.36  10960
18.38  10927.5
18.4  10675
18.42  10795
18.44  11152.5
18.46  11240
18.48  10970
18.5  10787.5
18.52  10847.5
18.54  10872.5
18.56  10817.5
18.58  10797.5
18.6  10715
18.62  10765
18.64  10845
18.66  10657.5
18.68  10580
18.7  10857.5
18.72  10745
18.74  10917.5
18.76  10727.5
18.78  10550
18.8  10565
18.82  10710
18.84  10850
18.86  10932.5
18.88  10717.5
18.9  11000
18.92  10947.5
18.94  10575
18.96  10610
18.98  10742.5
19  10645
19.02  10417.5
19.04  10590
19.06  10617.5
19.08  10640
19.1  10725
19.12  10682.5
19.14  10592.5
19.16  10577.5
19.18  10487.5
19.2  10555
19.22  10442.5
19.24  10440
19.26  10612.5
19.28  10470
19.3  10405
19.32  10622.5
19.34  10420
19.36  10360
19.38  10387.5
19.4  10442.5
19.42  10582.5
19.44  10500
19.46  10392.5
19.48  10407.5
19.5  10500
19.52  10367.5
19.54  10415
19.56  10332.5
19.58  10182.5
19.6  10162.5
19.62  10255
19.64  10457.5
19.66  10270
19.68  10095
19.7  10332.5
19.72  10317.5
19.74  10200
19.76  10275
19.78  10220
19.8  10512.5
19.82  10430
19.84  10390
19.86  10112.5
19.88  10180
19.9  10267.5
19.92  10352.5
19.94  10375
19.96  10325
19.98  10040
20  9982.5
20.02  10005
20.04  10067.5
20.06  10150
20.08  9852.5
20.1  10157.5
20.12  10315
20.14  10115
20.16  10120
20.18  9957.5
20.2  10125
20.22  10052.5
20.24  10147.5
20.26  10077.5
20.28  10105
20.3  9905
20.32  10170
20.34  10147.5
20.36  10220
20.38  10332.5
20.4  10157.5
20.42  10022.5
20.44  10155
20.46  10242.5
20.48  10160
20.5  10157.5
20.52  10037.5
20.54  9985
20.56  9950
20.58  9897.5
20.6  10047.5
20.62  9867.5
20.64  9765
20.66  10110
20.68  10245
20.7  10137.5
20.72  9922.5
20.74  10110
20.76  10107.5
20.78  9817.5
20.8  10035
20.82  10092.5
20.84  10065
20.86  10167.5
20.88  10087.5
20.9  10000
20.92  10145
20.94  9827.5
20.96  9872.5
20.98  9870
21  9907.5
21.02  10045
21.04  10115
21.06  9987.5
21.08  9952.5
21.1  10077.5
21.12  9967.5
21.14  9770
21.16  9802.5
21.18  10102.5
21.2  10077.5
21.22  9902.5
21.24  9937.5
21.26  10042.5
21.28  10080
21.3  9835
21.32  10002.5
21.34  9940
21.36  9955
21.38  10057.5
21.4  9892.5
21.42  9815
21.44  9897.5
21.46  9842.5
21.48  10007.5
21.5  9832.5
21.52  9542.5
21.54  9587.5
21.56  9790
21.58  9705
21.6  9852.5
21.62  9692.5
21.64  9967.5
21.66  9832.5
21.68  9767.5
21.7  10032.5
21.72  9847.5
21.74  9912.5
21.76  9655
21.78  9655
21.8  9925
21.82  9655
21.84  9782.5
21.86  9722.5
21.88  9497.5
21.9  9635
21.92  9900
21.94  9800
21.96  9617.5
21.98  9787.5
22  9632.5
22.02  9572.5
22.04  9640
22.06  9702.5
22.08  9755
22.1  9622.5
22.12  9597.5
22.14  9380
22.16  9402.5
22.18  9575
22.2  9585
22.22  9427.5
22.24  9667.5
22.26  9672.5
22.28  9435
22.3  9557.5
22.32  9670
22.34  9572.5
22.36  9730
22.38  9632.5
22.4  9537.5
22.42  9592.5
22.44  9437.5
22.46  9432.5
22.48  9455
22.5  9337.5
22.52  9530
22.54  9630
22.56  9580
22.58  9517.5
22.6  9422.5
22.62  9592.5
22.64  9677.5
22.66  9610
22.68  9580
22.7  9395
22.72  9400
22.74  9425
22.76  9567.5
22.78  9595
22.8  9465
22.82  9687.5
22.84  9495
22.86  9570
22.88  8937.5
22.9  9435
22.92  9355
22.94  9282.5
22.96  9390
22.98  9337.5
23  9575
23.02  9330
23.04  9365
23.06  9490
23.08  9187.5
23.1  9330
23.12  9440
23.14  9480
23.16  9322.5
23.18  9535
23.2  9532.5
23.22  9432.5
23.24  9402.5
23.26  9287.5
23.28  9457.5
23.3  9357.5
23.32  9452.5
23.34  9405
23.36  9352.5
23.38  9555
23.4  9267.5
23.42  9425
23.44  9200
23.46  9370
23.48  9010
23.5  9337.5
23.52  9515
23.54  9277.5
23.56  9350
23.58  9297.5
23.6  9260
23.62  9100
23.64  9232.5
23.66  9370
23.68  9492.5
23.7  9262.5
23.72  9405
23.74  9277.5
23.76  9382.5
23.78  9305
23.8  9270
23.82  9275
23.84  9297.5
23.86  9430
23.88  8832.5
23.9  9072.5
23.92  9320
23.94  9487.5
23.96  8832.5
23.98  9317.5
24  8867.5
24.02  9092.5
24.04  8932.5
24.06  8825
24.08  8957.5
24.1  9090
24.12  9137.5
24.14  9077.5
24.16  8755
24.18  8972.5
24.2  9285
24.22  9047.5
24.24  9015
24.26  9167.5
24.28  8905
24.3  9110
24.32  9135
24.34  9025
24.36  9132.5
24.38  9112.5
24.4  8940
24.42  9015
24.44  8980
24.46  9047.5
24.48  9072.5
24.5  9037.5
24.52  9082.5
24.54  9055
24.56  8952.5
24.58  9105
24.6  9075
24.62  9190
24.64  8885
24.66  8912.5
24.68  9175
24.7  9002.5
24.72  8840
24.74  9125
24.76  8972.5
24.78  9037.5
24.8  9072.5
24.82  9040
24.84  9055
24.86  9277.5
24.88  8982.5
24.9  8937.5
24.92  8915
24.94  9050
24.96  9007.5
24.98  9017.5
25  8907.5
25.02  8775
25.04  8850
25.06  8830
25.08  8847.5
25.1  8945
25.12  8872.5
25.14  8620
25.16  8650
25.18  8652.5
25.2  8680
25.22  8790
25.24  8747.5
25.26  8907.5
25.28  8735
25.3  8710
25.32  8802.5
25.34  8942.5
25.36  8790
25.38  8740
25.4  8852.5
25.42  8847.5
25.44  8697.5
25.46  8780
25.48  8790
25.5  8857.5
25.52  8695
25.54  8752.5
25.56  8930
25.58  8732.5
25.6  8957.5
25.62  8667.5
25.64  8687.5
25.66  8837.5
25.68  8787.5
25.7  8742.5
25.72  8695
25.74  8942.5
25.76  8650
25.78  8697.5
25.8  8657.5
25.82  8627.5
25.84  8470
25.86  8655
25.88  8690
25.9  8700
25.92  8857.5
25.94  8635
25.96  8722.5
25.98  8722.5
26  8962.5
26.02  8335
26.04  8537.5
26.06  8695
26.08  8790
26.1  8697.5
26.12  8575
26.14  8565
26.16  8717.5
26.18  8742.5
26.2  8557.5
26.22  8717.5
26.24  8765
26.26  8612.5
26.28  8745
26.3  8497.5
26.32  8515
26.34  8617.5
26.36  8735
26.38  8610
26.4  8595
26.42  8670
26.44  8675
26.46  8540
26.48  8625
26.5  8675
26.52  8622.5
26.54  8585
26.56  8582.5
26.58  8612.5
26.6  8630
26.62  8562.5
26.64  8597.5
26.66  8677.5
26.68  8525
26.7  8532.5
26.72  8645
26.74  8845
26.76  8770
26.78  8582.5
26.8  8435
26.82  8337.5
26.84  8552.5
26.86  8632.5
26.88  8677.5
26.9  8665
26.92  8450
26.94  8432.5
26.96  8477.5
26.98  8515
27  8597.5
27.02  8482.5
27.04  8395
27.06  8495
27.08  8622.5
27.1  8420
27.12  8390
27.14  8437.5
27.16  8350
27.18  8392.5
27.2  8387.5
27.22  8385
27.24  8485
27.26  8502.5
27.28  8602.5
27.3  8295
27.32  8305
27.34  8565
27.36  8435
27.38  8407.5
27.4  8467.5
27.42  8395
27.44  8487.5
27.46  8430
27.48  8427.5
27.5  8312.5
27.52  8345
27.54  8395
27.56  8390
27.58  8427.5
27.6  8362.5
27.62  8310
27.64  8297.5
27.66  8267.5
27.68  8175
27.7  8290
27.72  8415
27.74  8385
27.76  8407.5
27.78  8567.5
27.8  8367.5
27.82  8282.5
27.84  8462.5
27.86  8432.5
27.88  8345
27.9  8250
27.92  8422.5
27.94  8327.5
27.96  8285
27.98  8355
28  8252.5
28.02  8195
28.04  8187.5
28.06  8202.5
28.08  8335
28.1  8502.5
28.12  8362.5
28.14  8267.5
28.16  8390
28.18  8317.5
28.2  8402.5
28.22  8317.5
28.24  8362.5
28.26  8362.5
28.28  8297.5
28.3  8315
28.32  8322.5
28.34  8172.5
28.36  8337.5
28.38  8282.5
28.4  8190
28.42  8250
28.44  8252.5
28.46  8342.5
28.48  8190
28.5  8265
28.52  8237.5
28.54  8135
28.56  8135
28.58  8332.5
28.6  8387.5
28.62  8307.5
28.64  8262.5
28.66  8205
28.68  8225
28.7  8267.5
28.72  8152.5
28.74  8115
28.76  8202.5
28.78  8345
28.8  8092.5
28.82  7947.5
28.84  8232.5
28.86  8190
28.88  8220
28.9  8162.5
28.92  8127.5
28.94  8325
28.96  8395
28.98  8145
29  8145
29.02  8150
29.04  8092.5
29.06  8185
29.08  8112.5
29.1  8162.5
29.12  8082.5
29.14  8117.5
29.16  8085
29.18  8110
29.2  8150
29.22  7985
29.24  7977.5
29.26  8097.5
29.28  8085
29.3  8117.5
29.32  8065
29.34  8067.5
29.36  8152.5
29.38  8052.5
29.4  7972.5
29.42  8082.5
29.44  8225
29.46  8282.5
29.48  8112.5
29.5  8107.5
29.52  8122.5
29.54  8100
29.56  8202.5
29.58  8207.5
29.6  8187.5
29.62  8132.5
29.64  8162.5
29.66  8007.5
29.68  8147.5
29.7  8015
29.72  8032.5
29.74  8112.5
29.76  8147.5
29.78  8247.5
29.8  8142.5
29.82  8125
29.84  8135
29.86  8142.5
29.88  8122.5
29.9  8157.5
29.92  7952.5
29.94  7890
29.96  7992.5
29.98  8007.5
30  8130
30.02  8132.5
30.04  8120
30.06  8130
30.08  8107.5
30.1  8015
30.12  7977.5
30.14  7990
30.16  7960
30.18  8010
30.2  8102.5
30.22  8095
30.24  8027.5
30.26  7967.5
30.28  7952.5
30.3  8072.5
30.32  7985
30.34  7915
30.36  7970
30.38  8160
30.4  8157.5
30.42  7960
30.44  7952.5
30.46  8027.5
30.48  8000
30.5  7795
30.52  7995
30.54  8047.5
30.56  7955
30.58  8030
30.6  7985
30.62  7810
30.64  7920
30.66  7962.5
30.68  7925
30.7  7872.5
30.72  7905
30.74  7925
30.76  7955
30.78  8157.5
30.8  8130
30.82  7952.5
30.84  7872.5
30.86  7852.5
30.88  7950
30.9  7865
30.92  7965
30.94  7807.5
30.96  7755
30.98  7862.5
31  7967.5
31.02  7990
31.04  7990
31.06  7950
31.08  7827.5
31.1  7920
31.12  8125
31.14  7972.5
31.16  7935
31.18  8022.5
31.2  7907.5
31.22  7865
31.24  7932.5
31.26  8075
31.28  8140
31.3  8000
31.32  7905
31.34  7972.5
31.36  8065
31.38  7892.5
31.4  7897.5
31.42  7945
31.44  7857.5
31.46  7857.5
31.48  7785
31.5  7877.5
31.52  8067.5
31.54  8050
31.56  7900
31.58  7912.5
31.6  7892.5
31.62  7840
31.64  7910
31.66  7895
31.68  7892.5
31.7  7987.5
31.72  7995
31.74  7852.5
31.76  7755
31.78  7800
31.8  7760
31.82  7897.5
31.84  7920
31.86  7827.5
31.88  7835
31.9  7835
31.92  8012.5
31.94  8010
31.96  7817.5
31.98  7885
32  7892.5
32.02  7822.5
32.04  7952.5
32.06  7945
32.08  7785
32.1  7700
32.12  7890
32.14  7962.5
32.16  7817.5
32.18  7867.5
32.2  8002.5
32.22  8055
32.24  7932.5
32.26  7825
32.28  7857.5
32.3  7990
32.32  8020
32.34  7885
32.36  7902.5
32.38  7942.5
32.4  8020
32.42  8030
32.44  7842.5
32.46  7757.5
32.48  7777.5
32.5  7740
32.52  7722.5
32.54  7695
32.56  7647.5
32.58  7737.5
32.6  7857.5
32.62  8017.5
32.64  7847.5
32.66  7770
32.68  7935
32.7  7865
32.72  7842.5
32.74  7905
32.76  7905
32.78  7907.5
32.8  7925
32.82  7955
32.84  7882.5
32.86  7655
32.88  7717.5
32.9  7930
32.92  7982.5
32.94  8005
32.96  7995
32.98  7872.5
33  7892.5
33.02  7965
33.04  7837.5
33.06  7872.5
33.08  8152.5
33.1  8115
33.12  7925
33.14  7945
33.16  7992.5
33.18  7905
33.2  7785
33.22  7815
33.24  7905
33.26  7862.5
33.28  7815
33.3  7945
33.32  7870
33.34  7772.5
33.36  7847.5
33.38  7880
33.4  7800
33.42  7692.5
33.44  7820
33.46  7890
33.48  7757.5
33.5  7975
33.52  7975
33.54  7797.5
33.56  7892.5
33.58  7847.5
33.6  7767.5
33.62  7595
33.64  7622.5
33.66  7832.5
33.68  7972.5
33.7  7927.5
33.72  7887.5
33.74  7892.5
33.76  7832.5
33.78  7925
33.8  7917.5
33.82  7902.5
33.84  7805
33.86  7772.5
33.88  7825
33.9  7907.5
33.92  7900
33.94  7890
33.96  7825
33.98  7782.5
34  7812.5
34.02  7820
34.04  7797.5
34.06  7795
34.08  7832.5
34.1  7780
34.12  7845
34.14  7940
34.16  7837.5
34.18  7910
34.2  7767.5
34.22  7667.5
34.24  7750
34.26  7717.5
34.28  7627.5
34.3  7590
34.32  7795
34.34  7807.5
34.36  7792.5
34.38  7875
34.4  7952.5
34.42  7735
34.44  7792.5
34.46  7777.5
34.48  7815
34.5  7785
34.52  7680
34.54  7857.5
34.56  7762.5
34.58  7815
34.6  7995
34.62  7950
34.64  7827.5
34.66  7757.5
34.68  7672.5
34.7  7805
34.72  7812.5
34.74  7832.5
34.76  7815
34.78  7775
34.8  7782.5
34.82  7957.5
34.84  7922.5
34.86  7845
34.88  7865
34.9  7820
34.92  7927.5
34.94  7950
34.96  7757.5
34.98  7730
35  7757.5
35.02  7812.5
35.04  7945
35.06  7910
35.08  7940
35.1  7927.5
35.12  7732.5
35.14  7730
35.16  7845
35.18  7980
35.2  7895
35.22  7732.5
35.24  7825
35.26  7890
35.28  7895
35.3  7965
35.32  7897.5
35.34  7912.5
35.36  7967.5
35.38  7932.5
35.4  7967.5
35.42  8130
35.44  8025
35.46  7992.5
35.48  7920
35.5  7835
35.52  7642.5
35.54  7787.5
35.56  7875
35.58  7820
35.6  7902.5
35.62  7985
35.64  7847.5
35.66  7827.5
35.68  7825
35.7  7747.5
35.72  7705
35.74  7752.5
35.76  7757.5
35.78  7832.5
35.8  7775
35.82  7787.5
35.84  7780
35.86  7742.5
35.88  7642.5
35.9  7757.5
35.92  7690
35.94  7737.5
35.96  7785
35.98  7732.5
36  7775
36.02  7935
36.04  7832.5
36.06  7740
36.08  7720
36.1  7742.5
36.12  7732.5
36.14  7700
36.16  7627.5
36.18  7587.5
36.2  7815
36.22  7650
36.24  7652.5
36.26  7665
36.28  7567.5
36.3  7735
36.32  7797.5
36.34  7797.5
36.36  7670
36.38  7672.5
36.4  7727.5
36.42  7660
36.44  7520
36.46  7642.5
36.48  7660
36.5  7692.5
36.52  7615
36.54  7620
36.56  7497.5
36.58  7715
36.6  7732.5
36.62  7780
36.64  7687.5
36.66  7605
36.68  7667.5
36.7  7587.5
36.72  7725
36.74  7672.5
36.76  7692.5
36.78  7800
36.8  7775
36.82  7727.5
36.84  7662.5
36.86  7695
36.88  7600
36.9  7622.5
36.92  7715
36.94  7585
36.96  7602.5
36.98  7692.5
37  7770
37.02  7695
37.04  7695
37.06  7772.5
37.08  7792.5
37.1  7717.5
37.12  7640
37.14  7660
37.16  7790
37.18  7752.5
37.2  7790
37.22  7707.5
37.24  7895
37.26  7652.5
37.28  7475
37.3  7842.5
37.32  7717.5
37.34  7830
37.36  7790
37.38  7857.5
37.4  7950
37.42  7977.5
37.44  7852.5
37.46  7770
37.48  7892.5
37.5  7795
37.52  7850
37.54  8017.5
37.56  7765
37.58  7835
37.6  7805
37.62  7845
37.64  7725
37.66  7620
37.68  7535
37.7  7597.5
37.72  7867.5
37.74  7577.5
37.76  7592.5
37.78  7587.5
37.8  7540
37.82  7587.5
37.84  7732.5
37.86  7747.5
37.88  7767.5
37.9  7572.5
37.92  7480
37.94  7500
37.96  7637.5
37.98  7677.5
38  7742.5
38.02  7680
38.04  7685
38.06  7440
38.08  7500
38.1  7672.5
38.12  7752.5
38.14  7612.5
38.16  7662.5
38.18  7562.5
38.2  7522.5
38.22  7560
38.24  7657.5
38.26  7790
38.28  7747.5
38.3  7627.5
38.32  7625
38.34  7770
38.36  7572.5
38.38  7735
38.4  7502.5
38.42  7640
38.44  7712.5
38.46  7655
38.48  7680
38.5  7565
38.52  7697.5
38.54  7630
38.56  7507.5
38.58  7650
38.6  7662.5
38.62  7630
38.64  7605
38.66  7772.5
38.68  7627.5
38.7  7567.5
38.72  7732.5
38.74  7487.5
38.76  7540
38.78  7735
38.8  7622.5
38.82  7540
38.84  7540
38.86  7622.5
38.88  7572.5
38.9  7512.5
38.92  7530
38.94  7780
38.96  7697.5
38.98  7912.5
39  7862.5
39.02  7732.5
39.04  7610
39.06  7870
39.08  7687.5
39.1  7717.5
39.12  7762.5
39.14  7687.5
39.16  7767.5
39.18  7635
39.2  7647.5
39.22  7717.5
39.24  7547.5
39.26  7540
39.28  7675
39.3  7590
39.32  7380
39.34  7470
39.36  7680
39.38  7567.5
39.4  7500
39.42  7647.5
39.44  7652.5
39.46  7630
39.48  7540
39.5  7410
39.52  7607.5
39.54  7630
39.56  7602.5
39.58  7572.5
39.6  7617.5
39.62  7332.5
39.64  7557.5
39.66  7465
39.68  7465
39.7  7470
39.72  7490
39.74  7492.5
39.76  7530
39.78  7470
39.8  7597.5
39.82  7642.5
39.84  7460
39.86  7812.5
39.88  7595
39.9  7427.5
39.92  7610
39.94  7700
39.96  7640
39.98  7707.5
40  7560
40.02  7657.5
40.04  7540
40.06  7485
40.08  7330
40.1  7237.5
40.12  7760
40.14  7610
40.16  7567.5
40.18  7627.5
40.2  7662.5
40.22  7575
40.24  7565
40.26  7637.5
40.28  7557.5
40.3  7560
40.32  7670
40.34  7370
40.36  7522.5
40.38  7482.5
40.4  7470
40.42  7677.5
40.44  7612.5
40.46  7337.5
40.48  7575
40.5  7492.5
40.52  7590
40.54  7510
40.56  7510
40.58  7587.5
40.6  7525
40.62  7645
40.64  7437.5
40.66  7487.5
40.68  7482.5
40.7  7557.5
40.72  7392.5
40.74  7630
40.76  7502.5
40.78  7480
40.8  7580
40.82  7435
40.84  7635
40.86  7755
40.88  7567.5
40.9  7615
40.92  7755
40.94  7507.5
40.96  7540
40.98  7565
41  7570
41.02  7575
41.04  7437.5
41.06  7142.5
41.08  7275
41.1  7772.5
41.12  7505
41.14  7577.5
41.16  7310
41.18  7577.5
41.2  7542.5
41.22  7590
41.24  7422.5
41.26  7580
41.28  7622.5
41.3  7642.5
41.32  7612.5
41.34  7560
41.36  7572.5
41.38  7535
41.4  7560
41.42  7107.5
41.44  7377.5
41.46  7385
41.48  7482.5
41.5  7490
41.52  7602.5
41.54  7450
41.56  7545
41.58  7777.5
41.6  7520
41.62  7390
41.64  7340
41.66  7330
41.68  7462.5
41.7  7557.5
41.72  7455
41.74  7567.5
41.76  7497.5
41.78  7335
41.8  7335
41.82  7490
41.84  7672.5
41.86  7537.5
41.88  7722.5
41.9  7465
41.92  7367.5
41.94  7482.5
41.96  7505
41.98  7502.5
42  7412.5
42.02  7397.5
42.04  7495
42.06  7320
42.08  7595
42.1  7540
42.12  7477.5
42.14  7407.5
42.16  7432.5
42.18  7582.5
42.2  7527.5
42.22  7650
42.24  7447.5
42.26  7342.5
42.28  7377.5
42.3  7502.5
42.32  7582.5
42.34  7407.5
42.36  7572.5
42.38  7305
42.4  7625
42.42  7557.5
42.44  7467.5
42.46  7557.5
42.48  7797.5
42.5  7490
42.52  7532.5
42.54  7480
42.56  7485
42.58  7675
42.6  7602.5
42.62  7532.5
42.64  7995
42.66  7845
42.68  7577.5
42.7  7620
42.72  7602.5
42.74  7617.5
42.76  7647.5
42.78  7605
42.8  7872.5
42.82  7665
42.84  7722.5
42.86  7780
42.88  7787.5
42.9  7797.5
42.92  7900
42.94  7890
42.96  7832.5
42.98  7885
43  7970
43.02  8077.5
43.04  8130
43.06  8152.5
43.08  8102.5
43.1  8420
43.12  8425
43.14  8597.5
43.16  8395
43.18  8555
43.2  8605
43.22  8520
43.24  8662.5
43.26  8675
43.28  8542.5
43.3  8497.5
43.32  8787.5
43.34  8565
43.36  8715
43.38  8692.5
43.4  8720
43.42  8857.5
43.44  8862.5
43.46  8682.5
43.48  8680
43.5  9020
43.52  9057.5
43.54  9117.5
43.56  8960
43.58  8722.5
43.6  8675
43.62  8950
43.64  8970
43.66  8850
43.68  9302.5
43.7  9105
43.72  9225
43.74  9165
43.76  9120
43.78  9497.5
43.8  9565
43.82  9525
43.84  9520
43.86  9810
43.88  9640
43.9  9742.5
43.92  10170
43.94  10092.5
43.96  10222.5
43.98  10305
44  10385
44.02  10797.5
44.04  11152.5
44.06  11095
44.08  11200
44.1  11490
44.12  12062.5
44.14  12322.5
44.16  13032.5
44.18  13292.5
44.2  14052.5
44.22  14757.5
44.24  15920
44.26  16435
44.28  17905
44.3  18692.5
44.32  20087.5
44.34  21945
44.36  23997.5
44.38  26035
44.4  28905
44.42  31700
44.44  35675
44.46  39875
44.48  44812.5
44.5  50550
44.52  58092.5
44.54  65035
44.56  73677.5
44.58  82622.5
44.6  92660
44.62  102138
44.64  113653
44.66  123048
44.68  130793
44.7  136035
44.72  139063
44.74  138390
44.76  134868
44.78  128888
44.8  120530
44.82  110663
44.84  100523
44.86  91030
44.88  80015
44.9  69957.5
44.92  60267.5
44.94  52272.5
44.96  44725
44.98  38822.5
45  33380
45.02  29075
45.04  25890
45.06  23475
45.08  21375
45.1  19322.5
45.12  17802.5
45.14  16837.5
45.16  15367.5
45.18  14872.5
45.2  14025
45.22  13502.5
45.24  13090
45.26  12350
45.28  11987.5
45.3  11520
45.32  11080
45.34  10937.5
45.36  10902.5
45.38  10567.5
45.4  10625
45.42  10385
45.44  9947.5
45.46  9952.5
45.48  9890
45.5  9932.5
45.52  9852.5
45.54  9747.5
45.56  9450
45.58  9617.5
45.6  9425
45.62  9417.5
45.64  9205
45.66  9132.5
45.68  8857.5
45.7  8947.5
45.72  8842.5
45.74  8620
45.76  8787.5
45.78  8872.5
45.8  8675
45.82  8387.5
45.84  8582.5
45.86  8712.5
45.88  8477.5
45.9  8147.5
45.92  8177.5
45.94  8152.5
45.96  8295
45.98  8097.5
46  8612.5
46.02  8505
46.04  8147.5
46.06  8272.5
46.08  8187.5
46.1  8142.5
46.12  8052.5
46.14  8017.5
46.16  8085
46.18  8125
46.2  8095
46.22  8020
46.24  8022.5
46.26  8090
46.28  7890
46.3  7885
46.32  8000
46.34  7932.5
46.36  7870
46.38  7702.5
46.4  7935
46.42  8080
46.44  7955
46.46  7945
46.48  7955
46.5  7845
46.52  7727.5
46.54  7760
46.56  7792.5
46.58  7820
46.6  7907.5
46.62  8085
46.64  8142.5
46.66  8370
46.68  8202.5
46.7  7987.5
46.72  7930
46.74  7885
46.76  7940
46.78  7760
46.8  7765
46.82  7757.5
46.84  7742.5
46.86  7737.5
46.88  7867.5
46.9  7715
46.92  7545
46.94  7485
46.96  7597.5
46.98  7522.5
47  7607.5
47.02  7892.5
47.04  7610
47.06  7657.5
47.08  7582.5
47.1  7470
47.12  7505
47.14  7420
47.16  7375
47.18  7487.5
47.2  7322.5
47.22  7452.5
47.24  7542.5
47.26  7540
47.28  7507.5
47.3  7485
47.32  7607.5
47.34  7432.5
47.36  7612.5
47.38  7487.5
47.4  7485
47.42  7372.5
47.44  7332.5
47.46  7335
47.48  7537.5
47.5  7302.5
47.52  7110
47.54  7430
47.56  7447.5
47.58  7420
47.6  7340
47.62  7440
47.64  7475
47.66  7297.5
47.68  7382.5
47.7  7437.5
47.72  7210
47.74  7252.5
47.76  7187.5
47.78  7315
47.8  7470
47.82  7427.5
47.84  7197.5
47.86  7475
47.88  7415
47.9  7330
47.92  7265
47.94  7362.5
47.96  7302.5
47.98  7212.5
48  7130
48.02  7150
48.04  7355
48.06  7217.5
48.08  7297.5
48.1  7440
48.12  7327.5
48.14  7177.5
48.16  7350
48.18  7315
48.2  7292.5
48.22  7297.5
48.24  7392.5
48.26  7415
48.28  7350
48.3  7317.5
48.32  7407.5
48.34  7327.5
48.36  7285
48.38  7350
48.4  7300
48.42  7282.5
48.44  7292.5
48.46  7435
48.48  7397.5
48.5  7382.5
48.52  7170
48.54  7075
48.56  7275
48.58  7440
48.6  7350
48.62  7312.5
48.64  7222.5
48.66  7220
48.68  7305
48.7  7330
48.72  7385
48.74  7250
48.76  7277.5
48.78  7267.5
48.8  7252.5
48.82  7237.5
48.84  7207.5
48.86  7337.5
48.88  7280
48.9  7372.5
48.92  7122.5
48.94  7277.5
48.96  7305
48.98  7317.5
49  7200
49.02  7317.5
49.04  7237.5
49.06  7222.5
49.08  7385
49.1  7235
49.12  7302.5
49.14  7187.5
49.16  7185
49.18  7232.5
49.2  7157.5
49.22  7165
49.24  7272.5
49.26  7322.5
49.28  7235
49.3  7245
49.32  7115
49.34  7267.5
49.36  7370
49.38  7205
49.4  7292.5
49.42  7067.5
49.44  7132.5
49.46  7115
49.48  6882.5
49.5  6992.5
49.52  6895
49.54  7010
49.56  6992.5
49.58  6957.5
49.6  6972.5
49.62  7137.5
49.64  7180
49.66  7107.5
49.68  6995
49.7  7025
49.72  7190
49.74  7292.5
49.76  7175
49.78  7082.5
49.8  6967.5
49.82  6882.5
49.84  6967.5
49.86  6890
49.88  7007.5
49.9  7120
49.92  7090
49.94  7210
49.96  7057.5
49.98  7015
50  6950
50.02  6920
50.04  6960
50.06  7002.5
50.08  6967.5
50.1  6945
50.12  6970
50.14  7107.5
50.16  7130
50.18  7085
50.2  7172.5
50.22  7190
50.24  6972.5
50.26  6942.5
50.28  6922.5
50.3  6930
50.32  6970
50.34  6950
50.36  6877.5
50.38  6885
50.4  7100
50.42  7107.5
50.44  7057.5
50.46  6980
50.48  7035
50.5  7102.5
50.52  7050
50.54  7072.5
50.56  7197.5
50.58  7125
50.6  7030
50.62  6915
50.64  6980
50.66  6860
50.68  6880
50.7  7115
50.72  7007.5
50.74  7100
50.76  7002.5
50.78  7107.5
50.8  7172.5
50.82  6980
50.84  6937.5
50.86  7067.5
50.88  7152.5
50.9  7220
50.92  7137.5
50.94  7125
50.96  7055
50.98  6977.5
51  7067.5
51.02  7010
51.04  7167.5
51.06  7207.5
51.08  7377.5
51.1  7502.5
51.12  7412.5
51.14  7290
51.16  7325
51.18  7265
51.2  7287.5
51.22  7300
51.24  7405
51.26  7440
51.28  7295
51.3  7342.5
51.32  7407.5
51.34  7202.5
51.36  7285
51.38  7387.5
51.4  7412.5
51.42  7462.5
51.44  7290
51.46  7332.5
51.48  7417.5
51.5  7422.5
51.52  7410
51.54  7442.5
51.56  7425
51.58  7527.5
51.6  7507.5
51.62  7417.5
51.64  7375
51.66  7372.5
51.68  7375
51.7  7195
51.72  7105
51.74  7332.5
51.76  7252.5
51.78  7225
51.8  7397.5
51.82  7315
51.84  7295
51.86  7265
51.88  7342.5
51.9  7352.5
51.92  7427.5
51.94  7240
51.96  7252.5
51.98  7380
52  7282.5
52.02  7230
52.04  7267.5
52.06  7367.5
52.08  7482.5
52.1  7180
52.12  7265
52.14  7290
52.16  7282.5
52.18  7137.5
52.2  7320
52.22  7327.5
52.24  7135
52.26  7140
52.28  7190
52.3  7247.5
52.32  7295
52.34  7210
52.36  7275
52.38  7152.5
52.4  7082.5
52.42  7120
52.44  7157.5
52.46  7082.5
52.48  7110
52.5  7257.5
52.52  7400
52.54  7405
52.56  7215
52.58  7182.5
52.6  7192.5
52.62  7227.5
52.64  7057.5
52.66  7132.5
52.68  7277.5
52.7  7122.5
52.72  7050
52.74  7160
52.76  7220
52.78  7160
52.8  7122.5
52.82  7182.5
52.84  7180
52.86  7105
52.88  7100
52.9  7142.5
52.92  7090
52.94  6995
52.96  7015
52.98  7055
53  7155
53.02  7245
53.04  7140
53.06  7085
53.08  7102.5
53.1  7060
53.12  7090
53.14  7242.5
53.16  7180
53.18  6952.5
53.2  6920
53.22  7062.5
53.24  6987.5
53.26  7045
53.28  7050
53.3  7055
53.32  6915
53.34  6982.5
53.36  7130
53.38  7095
53.4  7062.5
53.42  7100
53.44  7125
53.46  7030
53.48  7017.5
53.5  6920
53.52  6890
53.54  7107.5
53.56  7067.5
53.58  7032.5
53.6  6992.5
53.62  6977.5
53.64  7167.5
53.66  7105
53.68  7100
53.7  6975
53.72  6850
53.74  6985
53.76  7205
53.78  7105
53.8  6925
53.82  6937.5
53.84  7065
53.86  6985
53.88  7042.5
53.9  7127.5
53.92  7015
53.94  6930
53.96  7007.5
53.98  6965
54  6970
54.02  7005
54.04  6945
54.06  6985
54.08  6942.5
54.1  6940
54.12  7022.5
54.14  6937.5
54.16  6887.5
54.18  6957.5
54.2  7012.5
54.22  6967.5
54.24  6900
54.26  6877.5
54.28  6915
54.3  6862.5
54.32  6900
54.34  6895
54.36  6862.5
54.38  6952.5
54.4  6927.5
54.42  6860
54.44  6805
54.46  6907.5
54.48  6995
54.5  6955
54.52  6787.5
54.54  6815
54.56  7042.5
54.58  7072.5
54.6  6885
54.62  6892.5
54.64  6972.5
54.66  6975
54.68  7002.5
54.7  6905
54.72  6812.5
54.74  6845
54.76  6962.5
54.78  6950
54.8  6787.5
54.82  6830
54.84  6982.5
54.86  7017.5
54.88  6967.5
54.9  6872.5
54.92  6795
54.94  6902.5
54.96  6977.5
54.98  6915
55  6955
55.02  6990
55.04  6865
55.06  6732.5
55.08  6875
55.1  6867.5
55.12  6735
55.14  6732.5
55.16  6830
55.18  6762.5
55.2  6640
55.22  6837.5
55.24  6902.5
55.26  6797.5
55.28  6740
55.3  6897.5
55.32  7035
55.34  6915
55.36  6880
55.38  6867.5
55.4  6895
55.42  6782.5
55.44  6765
55.46  6830
55.48  6970
55.5  7082.5
55.52  6977.5
55.54  6775
55.56  6792.5
55.58  6920
55.6  6937.5
55.62  6835
55.64  6830
55.66  6887.5
55.68  6820
55.7  6877.5
55.72  6755
55.74  6762.5
55.76  7067.5
55.78  6917.5
55.8  6807.5
55.82  6792.5
55.84  6662.5
55.86  6712.5
55.88  6755
55.9  6760
55.92  6770
55.94  6812.5
55.96  6772.5
55.98  6697.5
56  6817.5
56.02  6867.5
56.04  6862.5
56.06  6795
56.08  6710
56.1  6817.5
56.12  6787.5
56.14  6847.5
56.16  6890
56.18  6805
56.2  6877.5
56.22  6877.5
56.24  6817.5
56.26  6825
56.28  6720
56.3  6785
56.32  6890
56.34  6922.5
56.36  6807.5
56.38  6677.5
56.4  6697.5
56.42  6757.5
56.44  6790
56.46  6752.5
56.48  6755
56.5  6815
56.52  6777.5
56.54  6725
56.56  6895
56.58  6827.5
56.6  6677.5
56.62  6725
56.64  6667.5
56.66  6645
56.68  6715
56.7  6675
56.72  6717.5
56.74  6782.5
56.76  6752.5
56.78  6737.5
56.8  6792.5
56.82  6785
56.84  6845
56.86  6822.5
56.88  6750
56.9  6670
56.92  6555
56.94  6632.5
56.96  6607.5
56.98  6577.5
57  6682.5
57.02  6737.5
57.04  6702.5
57.06  6695
57.08  6675
57.1  6590
57.12  6640
57.14  6782.5
57.16  6740
57.18  6715
57.2  6737.5
57.22  6662.5
57.24  6585
57.26  6630
57.28  6622.5
57.3  6567.5
57.32  6632.5
57.34  6712.5
57.36  6585
57.38  6535
57.4  6692.5
57.42  6650
57.44  6620
57.46  6717.5
57.48  6652.5
57.5  6640
57.52  6697.5
57.54  6712.5
57.56  6742.5
57.58  6695
57.6  6600
57.62  6547.5
57.64  6542.5
57.66  6717.5
57.68  6745
57.7  6572.5
57.72  6562.5
57.74  6525
57.76  6582.5
57.78  6630
57.8  6615
57.82  6662.5
57.84  6575
57.86  6662.5
57.88  6677.5
57.9  6502.5
57.92  6565
57.94  6712.5
57.96  6805
57.98  6657.5
58  6592.5
58.02  6692.5
58.04  6637.5
58.06  6627.5
58.08  6795
58.1  6827.5
58.12  6687.5
58.14  6547.5
58.16  6532.5
58.18  6625
58.2  6512.5
58.22  6457.5
58.24  6492.5
58.26  6627.5
58.28  6695
58.3  6565
58.32  6640
58.34  6612.5
58.36  6535
58.38  6655
58.4  6650
58.42  6490
58.44  6460
58.46  6622.5
58.48  6655
58.5  6692.5
58.52  6755
58.54  6665
58.56  6660
58.58  6692.5
58.6  6652.5
58.62  6565
58.64  6577.5
58.66  6555
58.68  6522.5
58.7  6602.5
58.72  6620
58.74  6665
58.76  6680
58.78  6632.5
58.8  6677.5
58.82  6730
58.84  6665
58.86  6550
58.88  6572.5
58.9  6695
58.92  6620
58.94  6562.5
58.96  6700
58.98  6742.5
59  6667.5
59.02  6647.5
59.04  6560
59.06  6587.5
59.08  6647.5
59.1  6542.5
59.12  6732.5
59.14  6792.5
59.16  6600
59.18  6582.5
59.2  6682.5
59.22  6685
59.24  6682.5
59.26  6642.5
59.28  6510
59.3  6525
59.32  6670
59.34  6770
59.36  6682.5
59.38  6555
59.4  6522.5
59.42  6527.5
59.44  6557.5
59.46  6535
59.48  6542.5
59.5  6500
59.52  6537.5
59.54  6702.5
59.56  6617.5
59.58  6460
59.6  6450
59.62  6512.5
59.64  6585
59.66  6570
59.68  6582.5
59.7  6557.5
59.72  6527.5
59.74  6502.5
59.76  6630
59.78  6650
59.8  6605
59.82  6580
59.84  6600
59.86  6600
59.88  6670
59.9  6577.5
59.92  6470
59.94  6482.5
59.96  6532.5
59.98  6587.5
60  6365
60.02  6320
60.04  6442.5
60.06  6462.5
60.08  6482.5
60.1  6587.5
60.12  6597.5
60.14  6605
60.16  6535
60.18  6500
60.2  6497.5
60.22  6512.5
60.24  6545
60.26  6482.5
60.28  6377.5
60.3  6495
60.32  6610
60.34  6527.5
60.36  6472.5
60.38  6497.5
60.4  6447.5
60.42  6437.5
60.44  6657.5
60.46  6640
60.48  6462.5
60.5  6457.5
60.52  6502.5
60.54  6397.5
60.56  6405
60.58  6537.5
60.6  6587.5
60.62  6512.5
60.64  6405
60.66  6550
60.68  6622.5
60.7  6542.5
60.72  6447.5
60.74  6405
60.76  6410
60.78  6397.5
60.8  6322.5
60.82  6332.5
60.84  6462.5
60.86  6415
60.88  6390
60.9  6447.5
60.92  6405
60.94  6332.5
60.96  6395
60.98  6467.5
61  6445
61.02  6445
61.04  6425
61.06  6497.5
61.08  6547.5
61.1  6435
61.12  6382.5
61.14  6290
61.16  6405
61.18  6477.5
61.2  6477.5
61.22  6470
61.24  6325
61.26  6357.5
61.28  6500
61.3  6462.5
61.32  6512.5
61.34  6657.5
61.36  6570
61.38  6477.5
61.4  6462.5
61.42  6572.5
61.44  6567.5
61.46  6492.5
61.48  6505
61.5  6642.5
61.52  6620
61.54  6540
61.56  6492.5
61.58  6425
61.6  6497.5
61.62  6420
61.64  6457.5
61.66  6485
61.68  6482.5
61.7  6420
61.72  6430
61.74  6467.5
61.76  6485
61.78  6540
61.8  6575
61.82  6605
61.84  6517.5
61.86  6350
61.88  6345
61.9  6370
61.92  6482.5
61.94  6495
61.96  6465
61.98  6480
62  6400
62.02  6432.5
62.04  6335
62.06  6170
62.08  6250
62.1  6402.5
62.12  6477.5
62.14  6337.5
62.16  6315
62.18  6532.5
62.2  6472.5
62.22  6457.5
62.24  6575
62.26  6477.5
62.28  6390
62.3  6470
62.32  6487.5
62.34  6492.5
62.36  6347.5
62.38  6422.5
62.4  6470
62.42  6537.5
62.44  6535
62.46  6555
62.48  6395
62.5  6285
62.52  6447.5
62.54  6657.5
62.56  6637.5
62.58  6500
62.6  6522.5
62.62  6627.5
62.64  6570
62.66  6485
62.68  6497.5
62.7  6697.5
62.72  6590
62.74  6577.5
62.76  6677.5
62.78  6677.5
62.8  6730
62.82  6542.5
62.84  6620
62.86  6590
62.88  6730
62.9  6950
62.92  6835
62.94  6847.5
62.96  6855
62.98  6667.5
63  6687.5
63.02  6687.5
63.04  6735
63.06  6712.5
63.08  6755
63.1  6617.5
63.12  6537.5
63.14  6637.5
63.16  6725
63.18  6637.5
63.2  6487.5
63.22  6550
63.24  6450
63.26  6602.5
63.28  6595
63.3  6615
63.32  6607.5
63.34  6507.5
63.36  6515
63.38  6610
63.4  6552.5
63.42  6592.5
63.44  6405
63.46  6362.5
63.48  6522.5
63.5  6562.5
63.52  6572.5
63.54  6517.5
63.56  6500
63.58  6460
63.6  6647.5
63.62  6562.5
63.64  6570
63.66  6537.5
63.68  6710
63.7  6667.5
63.72  6565
63.74  6665
63.76  6545
63.78  6540
63.8  6737.5
63.82  6717.5
63.84  6707.5
63.86  6817.5
63.88  6717.5
63.9  6720
63.92  6665
63.94  6817.5
63.96  6875
63.98  6827.5
64  6827.5
64.02  6810
64.04  6760
64.06  6897.5
64.08  6932.5
64.1  7037.5
64.12  7147.5
64.14  7030
64.16  7007.5
64.18  7145
64.2  7055
64.22  7105
64.24  7180
64.26  7102.5
64.28  7022.5
64.3  7240
64.32  7350
64.34  7455
64.36  7730
64.38  7765
64.4  7527.5
64.42  7505
64.44  7670
64.46  7657.5
64.48  7917.5
64.5  8165
64.52  8370
64.54  8352.5
64.56  8550
64.58  8632.5
64.6  9055
64.62  9395
64.64  9662.5
64.66  9770
64.68  9977.5
64.7  10385
64.72  10950
64.74  11065
64.76  11407.5
64.78  11757.5
64.8  12322.5
64.82  12750
64.84  12970
64.86  13415
64.88  13737.5
64.9  13660
64.92  14135
64.94  14570
64.96  14375
64.98  14245
65  14312.5
65.02  14022.5
65.04  13827.5
65.06  13605
65.08  13520
65.1  13012.5
65.12  12642.5
65.14  12272.5
65.16  12072.5
65.18  11735
65.2  11235
65.22  10770
65.24  10340
65.26  10182.5
65.28  10037.5
65.3  9610
65.32  9275
65.34  8905
65.36  8810
65.38  8487.5
65.4  8365
65.42  8235
65.44  8095
65.46  7942.5
65.48  7610
65.5  7675
65.52  7412.5
65.54  7450
65.56  7262.5
65.58  7347.5
65.6  7247.5
65.62  7077.5
65.64  7050
65.66  6927.5
65.68  6862.5
65.7  6937.5
65.72  6665
65.74  6757.5
65.76  6882.5
65.78  6782.5
65.8  6662.5
65.82  6720
65.84  6600
65.86  6807.5
65.88  6837.5
65.9  6865
65.92  6432.5
65.94  6332.5
65.96  6607.5
65.98  6535
66  6395
66.02  6347.5
66.04  6457.5
66.06  6455
66.08  6545
66.1  6632.5
66.12  6447.5
66.14  6487.5
66.16  6580
66.18  6397.5
66.2  6397.5
66.22  6502.5
66.24  6460
66.26  6422.5
66.28  6355
66.3  6617.5
66.32  6460
66.34  6425
66.36  6415
66.38  6282.5
66.4  6267.5
66.42  6302.5
66.44  6347.5
66.46  6280
66.48  6337.5
66.5  6237.5
66.52  6167.5
66.54  6252.5
66.56  6270
66.58  6225
66.6  6300
66.62  6230
66.64  6375
66.66  6207.5
66.68  6217.5
66.7  6215
66.72  6235
66.74  6257.5
66.76  6390
66.78  6180
66.8  6210
66.82  6197.5
66.84  6155
66.86  6190
66.88  6230
66.9  6380
66.92  6292.5
66.94  6225
66.96  6232.5
66.98  6290
67  6452.5
67.02  6287.5
67.04  6355
67.06  6347.5
67.08  6337.5
67.1  6232.5
67.12  6307.5
67.14  6265
67.16  6205
67.18  6172.5
67.2  6277.5
67.22  6352.5
67.24  6315
67.26  6260
67.28  6132.5
67.3  6260
67.32  6327.5
67.34  6370
67.36  6162.5
67.38  6222.5
67.4  6212.5
67.42  6137.5
67.44  6167.5
67.46  6270
67.48  6410
67.5  6320
67.52  6385
67.54  6462.5
67.56  6420
67.58  6300
67.6  6105
67.62  6047.5
67.64  6202.5
67.66  6390
67.68  6187.5
67.7  6285
67.72  6475
67.74  6330
67.76  6337.5
67.78  6110
67.8  6205
67.82  6360
67.84  6382.5
67.86  6337.5
67.88  6250
67.9  6275
67.92  6207.5
67.94  6172.5
67.96  6237.5
67.98  6082.5
68  6107.5
68.02  6240
68.04  6202.5
68.06  6005
68.08  6237.5
68.1  6152.5
68.12  6202.5
68.14  6250
68.16  6280
68.18  6205
68.2  6177.5
68.22  6055
68.24  6257.5
68.26  6237.5
68.28  6335
68.3  6192.5
68.32  6182.5
68.34  6220
68.36  6457.5
68.38  6200
68.4  6012.5
68.42  6012.5
68.44  6367.5
68.46  6080
68.48  6120
68.5  6160
68.52  6232.5
68.54  6262.5
68.56  6162.5
68.58  6290
68.6  6177.5
68.62  6215
68.64  6245
68.66  6215
68.68  6350
68.7  6252.5
68.72  6237.5
68.74  6132.5
68.76  6257.5
68.78  6280
68.8  6162.5
68.82  6172.5
68.84  6150
68.86  6255
68.88  6277.5
68.9  6285
68.92  6207.5
68.94  6247.5
68.96  6245
68.98  6267.5
69  6060
69.02  6182.5
69.04  6347.5
69.06  6282.5
69.08  6225
69.1  6015
69.12  6072.5
69.14  6085
69.16  6315
69.18  6102.5
69.2  6107.5
69.22  6045
69.24  6027.5
69.26  6117.5
69.28  6230
69.3  6102.5
69.32  6292.5
69.34  6260
69.36  6047.5
69.38  6222.5
69.4  6147.5
69.42  6185
69.44  6150
69.46  5985
69.48  6050
69.5  6087.5
69.52  6150
69.54  6262.5
69.56  6190
69.58  6267.5
69.6  6057.5
69.62  6120
69.64  6140
69.66  6115
69.68  6120
69.7  5980
69.72  6180
69.74  6117.5
69.76  6087.5
69.78  6485
69.8  6177.5
69.82  6180
69.84  6262.5
69.86  6250
69.88  6255
69.9  6192.5
69.92  6247.5
69.94  6120
69.96  6222.5
69.98  6292.5
70  6255
70.02  6062.5
70.04  6125
70.06  6112.5
70.08  5925
70.1  5907.5
70.12  6090
70.14  6147.5
70.16  6042.5
70.18  6215
70.2  6132.5
70.22  6112.5
70.24  6102.5
70.26  6060
70.28  6115
70.3  6077.5
70.32  6180
70.34  6222.5
70.36  6142.5
70.38  6040
70.4  6150
70.42  6107.5
70.44  6142.5
70.46  6002.5
70.48  6175
70.5  6155
70.52  6352.5
70.54  6192.5
70.56  6050
70.58  5930
70.6  6235
70.62  6255
70.64  6130
70.66  5962.5
70.68  6160
70.7  5997.5
70.72  6142.5
70.74  6357.5
70.76  6210
70.78  5915
70.8  6212.5
70.82  6020
70.84  6257.5
70.86  6037.5
70.88  5965
70.9  6260
70.92  6250
70.94  6202.5
70.96  6155
70.98  6092.5
71  6247.5
71.02  6065
71.04  6252.5
71.06  6092.5
71.08  6152.5
71.1  5892.5
71.12  6192.5
71.14  6232.5
71.16  5990
71.18  6147.5
71.2  6095
71.22  6215
71.24  6285
71.26  6297.5
71.28  6312.5
71.3  6275
71.32  5977.5
71.34  6175
71.36  6150
71.38  6052.5
71.4  6197.5
71.42  6172.5
71.44  6102.5
71.46  5947.5
71.48  6207.5
71.5  6010
71.52  6105
71.54  6137.5
71.56  6165
71.58  6122.5
71.6  5915
71.62  6152.5
71.64  6037.5
71.66  6172.5
71.68  6102.5
71.7  6047.5
71.72  6000
71.74  6017.5
71.76  6125
71.78  6055
71.8  6095
71.82  6120
71.84  6237.5
71.86  6040
71.88  5975
71.9  6080
71.92  5942.5
71.94  6010
71.96  5987.5
71.98  6025
72  5952.5
72.02  6135
72.04  6135
72.06  6052.5
72.08  6125
72.1  5992.5
72.12  5830
72.14  5915
72.16  6045
72.18  6112.5
72.2  6022.5
72.22  5942.5
72.24  6085
72.26  6027.5
72.28  5997.5
72.3  5930
72.32  5970
72.34  5935
72.36  6140
72.38  6140
72.4  6080
72.42  6142.5
72.44  6015
72.46  6062.5
72.48  5902.5
72.5  6035
72.52  5900
72.54  5847.5
72.56  5795
72.58  5997.5
72.6  6017.5
72.62  6192.5
72.64  6055
72.66  6015
72.68  6012.5
72.7  6070
72.72  6130
72.74  6085
72.76  5947.5
72.78  6125
72.8  5930
72.82  5825
72.84  5880
72.86  6130
72.88  5905
72.9  5942.5
72.92  5910
72.94  6197.5
72.96  6060
72.98  5860
73  6060
73.02  6020
73.04  6180
73.06  6002.5
73.08  5995
73.1  5962.5
73.12  6067.5
73.14  6000
73.16  6010
73.18  6107.5
73.2  6172.5
73.22  6077.5
73.24  5927.5
73.26  5952.5
73.28  6130
73.3  5832.5
73.32  6017.5
73.34  6010
73.36  5897.5
73.38  6147.5
73.4  5830
73.42  5880
73.44  5897.5
73.46  5820
73.48  5927.5
73.5  5912.5
73.52  5937.5
73.54  5902.5
73.56  5945
73.58  5842.5
73.6  5920
73.62  5995
73.64  5897.5
73.66  5957.5
73.68  5990
73.7  5860
73.72  5825
73.74  5977.5
73.76  5927.5
73.78  5860
73.8  5912.5
73.82  5800
73.84  5840
73.86  5992.5
73.88  6090
73.9  5950
73.92  5995
73.94  6035
73.96  6042.5
73.98  5802.5
74  6010
74.02  5902.5
74.04  5815
74.06  6032.5
74.08  5810
74.1  5860
74.12  5770
74.14  6020
74.16  6115
74.18  5827.5
74.2  5850
74.22  5800
74.24  5972.5
74.26  5802.5
74.28  6047.5
74.3  5822.5
74.32  5962.5
74.34  6022.5
74.36  5965
74.38  5985
74.4  6137.5
74.42  5987.5
74.44  6167.5
74.46  6170
74.48  6150
74.5  5777.5
74.52  5890
74.54  6030
74.56  5940
74.58  5925
74.6  6035
74.62  6222.5
74.64  5915
74.66  5962.5
74.68  5877.5
74.7  6115
74.72  6157.5
74.74  5975
74.76  6042.5
74.78  6070
74.8  5972.5
74.82  5920
74.84  6032.5
74.86  6150
74.88  6177.5
74.9  5947.5
74.92  5950
74.94  6097.5
74.96  5765
74.98  5797.5
75  5980
75.02  6170
75.04  6117.5
75.06  6162.5
75.08  6300
75.1  6240
75.12  6127.5
75.14  6190
75.16  6222.5
75.18  6080
75.2  6037.5
75.22  6362.5
75.24  6482.5
75.26  6452.5
75.28  6147.5
75.3  6327.5
75.32  6545
75.34  6137.5
75.36  6397.5
75.38  6245
75.4  6167.5
75.42  6070
75.44  6267.5
75.46  6150
75.48  6280
75.5  6135
75.52  6280
75.54  6320
75.56  6280
75.58  6152.5
75.6  6160
75.62  6105
75.64  6132.5
75.66  6215
75.68  6115
75.7  6120
75.72  6130
75.74  6192.5
75.76  6072.5
75.78  5985
75.8  6005
75.82  6082.5
75.84  5927.5
75.86  5845
75.88  5992.5
75.9  5865
75.92  5920
75.94  6297.5
75.96  6147.5
75.98  6050
76  6017.5
76.02  5950
76.04  5947.5
76.06  6027.5
76.08  5925
76.1  5927.5
76.12  6100
76.14  6045
76.16  6005
76.18  5905
76.2  5807.5
76.22  5710
76.24  5742.5
76.26  5970
76.28  6142.5
76.3  5907.5
76.32  5812.5
76.34  5955
76.36  5792.5
76.38  6000
76.4  5972.5
76.42  5860
76.44  5740
76.46  6080
76.48  5915
76.5  5927.5
76.52  5952.5
76.54  5862.5
76.56  6087.5
76.58  6050
76.6  5945
76.62  5882.5
76.64  5895
76.66  5957.5
76.68  5975
76.7  5990
76.72  5930
76.74  5852.5
76.76  5865
76.78  5810
76.8  5787.5
76.82  5960
76.84  5892.5
76.86  5835
76.88  5800
76.9  5825
76.92  6025
76.94  5910
76.96  5915
76.98  5825
77  5935
77.02  6077.5
77.04  5935
77.06  5927.5
77.08  5860
77.1  5940
77.12  6002.5
77.14  6017.5
77.16  6152.5
77.18  6082.5
77.2  6027.5
77.22  5627.5
77.24  5820
77.26  5957.5
77.28  5920
77.3  5987.5
77.32  5895
77.34  5975
77.36  5822.5
77.38  5737.5
77.4  5802.5
77.42  5977.5
77.44  5900
77.46  5720
77.48  5740
77.5  5722.5
77.52  5952.5
77.54  6012.5
77.56  5845
77.58  5847.5
77.6  5810
77.62  5967.5
77.64  5765
77.66  5895
77.68  5852.5
77.7  5867.5
77.72  5832.5
77.74  5772.5
77.76  5772.5
77.78  5957.5
77.8  5955
77.82  5987.5
77.84  5770
77.86  5825
77.88  5705
77.9  5777.5
77.92  5890
77.94  5840
77.96  6087.5
77.98  5865
78  5965
78.02  6050
78.04  5982.5
78.06  5805
78.08  5755
78.1  5920
78.12  5912.5
78.14  5897.5
78.16  5930
78.18  6000
78.2  5785
78.22  5905
78.24  5867.5
78.26  6037.5
78.28  5815
78.3  5837.5
78.32  5815
78.34  5842.5
78.36  5957.5
78.38  5632.5
78.4  5815
78.42  5870
78.44  5697.5
78.46  5835
78.48  5790
78.5  5860
78.52  5975
78.54  5945
78.56  5960
78.58  5927.5
78.6  5940
78.62  5867.5
78.64  5735
78.66  5865
78.68  5942.5
78.7  5932.5
78.72  5747.5
78.74  5725
78.76  5885
78.78  5957.5
78.8  5892.5
78.82  5880
78.84  5805
78.86  6017.5
78.88  5962.5
78.9  5947.5
78.92  5875
78.94  5852.5
78.96  6010
78.98  5880
79  5575
79.02  5812.5
79.04  5817.5
79.06  5977.5
79.08  5877.5
79.1  5867.5
79.12  5900
79.14  5755
79.16  5860
79.18  5955
79.2  5982.5
79.22  5857.5
79.24  5812.5
79.26  5892.5
79.28  5882.5
79.3  5995
79.32  6147.5
79.34  6075
79.36  5880
79.38  5930
79.4  5985
79.42  5917.5
79.44  5907.5
79.46  6065
79.48  6140
79.5  6247.5
79.52  6130
79.54  6005
79.56  5877.5
79.58  5900
79.6  5975
79.62  5960
79.64  6095
79.66  5970
79.68  5875
79.7  6082.5
79.72  5892.5
79.74  5947.5
79.76  6082.5
79.78  6010
79.8  6230
79.82  6257.5
79.84  6302.5
79.86  6217.5
79.88  6202.5
79.9  6127.5
79.92  6100
79.94  6232.5
79.96  6257.5
79.98  6030
80  6232.5
80.02  6177.5
80.04  6060
80.06  6097.5
80.08  6042.5
80.1  5960
80.12  5985
80.14  6000
80.16  5980
80.18  6020
80.2  6077.5
80.22  6120
80.24  6085
80.26  6117.5
80.28  5882.5
80.3  6170
80.32  6025
80.34  6047.5
80.36  6070
80.38  5932.5
80.4  6110
80.42  6065
80.44  6015
80.46  5925
80.48  6082.5
80.5  6007.5
80.52  6080
80.54  6102.5
80.56  5945
80.58  5835
80.6  6017.5
80.62  6112.5
80.64  5992.5
80.66  5992.5
80.68  6062.5
80.7  6010
80.72  6067.5
80.74  5897.5
80.76  5997.5
80.78  5905
80.8  5975
80.82  5975
80.84  6170
80.86  6035
80.88  5995
80.9  6075
80.92  6040
80.94  6185
80.96  6177.5
80.98  5962.5
81  5995
81.02  6160
81.04  6345
81.06  6265
81.08  6097.5
81.1  5997.5
81.12  6065
81.14  6082.5
81.16  6042.5
81.18  6195
81.2  6102.5
81.22  5952.5
81.24  6112.5
81.26  6182.5
81.28  5972.5
81.3  6042.5
81.32  6117.5
81.34  6142.5
81.36  6207.5
81.38  6262.5
81.4  6400
81.42  6165
81.44  6150
81.46  6282.5
81.48  6432.5
81.5  6505
81.52  6545
81.54  6547.5
81.56  6515
81.58  6792.5
81.6  6685
81.62  6795
81.64  6805
81.66  6880
81.68  6917.5
81.7  6872.5
81.72  6997.5
81.74  7012.5
81.76  7282.5
81.78  7462.5
81.8  7472.5
81.82  7695
81.84  8015
81.86  8175
81.88  8410
81.9  8635
81.92  8872.5
81.94  9092.5
81.96  9455
81.98  9645
82  9982.5
82.02  10447.5
82.04  11012.5
82.06  11427.5
82.08  11972.5
82.1  12347.5
82.12  12810
82.14  13730
82.16  14522.5
82.18  15162.5
82.2  15470
82.22  16232.5
82.24  16545
82.26  16960
82.28  17545
82.3  17382.5
82.32  17620
82.34  17845
82.36  17595
82.38  17222.5
82.4  16670
82.42  16600
82.44  16480
82.46  15905
82.48  15530
82.5  14940
82.52  14737.5
82.54  14362.5
82.56  13712.5
82.58  13345
82.6  12705
82.62  12325
82.64  11652.5
82.66  11235
82.68  10760
82.7  10625
82.72  10050
82.74  9692.5
82.76  9292.5
82.78  8797.5
82.8  8732.5
82.82  8300
82.84  8357.5
82.86  8010
82.88  7785
82.9  7447.5
82.92  7477.5
82.94  7285
82.96  7122.5
82.98  7305
83  7077.5
83.02  6982.5
83.04  6775
83.06  6705
83.08  6680
83.1  6635
83.12  6705
83.14  6617.5
83.16  6452.5
83.18  6407.5
83.2  6452.5
83.22  6382.5
83.24  6402.5
83.26  6245
83.28  6080
83.3  6115
83.32  6170
83.34  6132.5
83.36  6147.5
83.38  6097.5
83.4  6122.5
83.42  6130
83.44  6122.5
83.46  6005
83.48  6100
83.5  6137.5
83.52  6085
83.54  6070
83.56  6005
83.58  5962.5
83.6  5955
83.62  5772.5
83.64  5802.5
83.66  5907.5
83.68  5847.5
83.7  5887.5
83.72  5767.5
83.74  5870
83.76  5822.5
83.78  5887.5
83.8  5795
83.82  5885
83.84  5972.5
83.86  5805
83.88  5637.5
83.9  5810
83.92  5775
83.94  5840
83.96  5942.5
83.98  5930
84  5792.5
84.02  5700
84.04  5807.5
84.06  5862.5
84.08  5790
84.1  5812.5
84.12  5747.5
84.14  5755
84.16  5742.5
84.18  5747.5
84.2  5735
84.22  5805
84.24  5750
84.26  5905
84.28  5772.5
84.3  5725
84.32  5835
84.34  5810
84.36  5802.5
84.38  5702.5
84.4  5700
84.42  5672.5
84.44  5605
84.46  5662.5
84.48  5782.5
84.5  5602.5
84.52  5830
84.54  5770
84.56  5567.5
84.58  5807.5
84.6  5742.5
84.62  5555
84.64  5737.5
84.66  5757.5
84.68  5867.5
84.7  5777.5
84.72  5722.5
84.74  5667.5
84.76  5687.5
84.78  5695
84.8  5635
84.82  5660
84.84  5737.5
84.86  5812.5
84.88  5842.5
84.9  5787.5
84.92  5792.5
84.94  5895
84.96  5655
84.98  5820
85  5852.5
85.02  5700
85.04  5762.5
85.06  5907.5
85.08  5767.5
85.1  5785
85.12  5830
85.14  5615
85.16  5732.5
85.18  5715
85.2  5595
85.22  5617.5
85.24  5575
85.26  5690
85.28  5792.5
85.3  5622.5
85.32  5780
85.34  5780
85.36  5710
85.38  5645
85.4  5795
85.42  5722.5
85.44  5720
85.46  5755
85.48  5605
85.5  5620
85.52  5520
85.54  5537.5
85.56  5755
85.58  5815
85.6  5800
85.62  5697.5
85.64  5730
85.66  5797.5
85.68  5770
85.7  5647.5
85.72  5705
85.74  5660
85.76  5665
85.78  5647.5
85.8  5552.5
85.82  5645
85.84  5677.5
85.86  5642.5
85.88  5597.5
85.9  5785
85.92  5832.5
85.94  5650
85.96  5675
85.98  5697.5
86  5745
86.02  5590
86.04  5677.5
86.06  5620
86.08  5650
86.1  5675
86.12  5650
86.14  5642.5
86.16  5837.5
86.18  5700
86.2  5765
86.22  5777.5
86.24  5772.5
86.26  5655
86.28  5780
86.3  5780
86.32  5565
86.34  5547.5
86.36  5575
86.38  5562.5
86.4  5622.5
86.42  5635
86.44  5710
86.46  5617.5
86.48  5715
86.5  5565
86.52  5470
86.54  5517.5
86.56  5637.5
86.58  5792.5
86.6  5490
86.62  5460
86.64  5530
86.66  5550
86.68  5890
86.7  5760
86.72  5617.5
86.74  5635
86.76  5497.5
86.78  5555
86.8  5530
86.82  5527.5
86.84  5582.5
86.86  5557.5
86.88  5485
86.9  5570
86.92  5495
86.94  5500
86.96  5595
86.98  5627.5
87  5702.5
87.02  5712.5
87.04  5625
87.06  5602.5
87.08  5542.5
87.1  5565
87.12  5545
87.14  5522.5
87.16  5467.5
87.18  5457.5
87.2  5510
87.22  5642.5
87.24  5607.5
87.26  5612.5
87.28  5580
87.3  5580
87.32  5645
87.34  5520
87.36  5660
87.38  5575
87.4  5585
87.42  5597.5
87.44  5505
87.46  5597.5
87.48  5562.5
87.5  5547.5
87.52  5480
87.54  5625
87.56  5740
87.58  5685
87.6  5692.5
87.62  5637.5
87.64  5690
87.66  5547.5
87.68  5512.5
87.7  5537.5
87.72  5610
87.74  5627.5
87.76  5615
87.78  5515
87.8  5535
87.82  5535
87.84  5515
87.86  5447.5
87.88  5555
87.9  5600
87.92  5647.5
87.94  5560
87.96  5397.5
87.98  5462.5
88  5712.5
88.02  5660
88.04  5567.5
88.06  5582.5
88.08  5582.5
88.1  5570
88.12  5627.5
88.14  5622.5
88.16  5435
88.18  5392.5
88.2  5475
88.22  5577.5
88.24  5542.5
88.26  5507.5
88.28  5600
88.3  5485
88.32  5462.5
88.34  5427.5
88.36  5562.5
88.38  5562.5
88.4  5535
88.42  5445
88.44  5335
88.46  5367.5
88.48  5420
88.5  5395
88.52  5512.5
88.54  5392.5
88.56  5472.5
88.58  5640
88.6  5720
88.62  5607.5
88.64  5555
88.66  5527.5
88.68  5595
88.7  5510
88.72  5545
88.74  5460
88.76  5552.5
88.78  5437.5
88.8  5400
88.82  5352.5
88.84  5542.5
88.86  5425
88.88  5390
88.9  5535
88.92  5480
88.94  5437.5
88.96  5465
88.98  5505
89  5490
89.02  5710
89.04  5402.5
89.06  5427.5
89.08  5532.5
89.1  5565
89.12  5600
89.14  5452.5
89.16  5495
89.18  5470
89.2  5417.5
89.22  5477.5
89.24  5422.5
89.26  5482.5
89.28  5567.5
89.3  5557.5
89.32  5570
89.34  5480
89.36  5540
89.38  5597.5
89.4  5500
89.42  5467.5
89.44  5532.5
89.46  5532.5
89.48  5520
89.5  5442.5
89.52  5387.5
89.54  5360
89.56  5582.5
89.58  5557.5
89.6  5455
89.62  5440
89.64  5507.5
89.66  5567.5
89.68  5557.5
89.7  5410
89.72  5390
89.74  5310
89.76  5407.5
89.78  5442.5
89.8  5340
89.82  5442.5
89.84  5530
89.86  5552.5
89.88  5495
89.9  5572.5
89.92  5437.5
89.94  5387.5
89.96  5355
89.98  5445
90  5505

